98
дубликаты номеров
дубликаты номеров москва
дубликат номеров на авто
дубликаты автомобильных номеров
дубликат гос номера
сделать дубликат номера
сделать дубликат гос номера
где сделать дубликаты номеров
где сделать дубликат гос номера
дубликат номера автомобиля
дубликат номеров на машину
дубликаты номеров заказать
дубликат гос номера москва
получение дубликата гос номера
сколько стоит сделать дубликат номера
дубликаты автомобильных номеров цена
дубликат утерянных номерных знаков
получение дубликатов номерных знаков
дубликаты украденных номерных знаков
дубликаты номерных знаков москва
дубликаты номерных знаков цена
дубликат госномера авто
дубликат госномера
дубликаты номерных знаков
дубликат номера на машину
дубликат автономера
дубликаты автономеров
дубликат номерного знака
дубликат автомобильного номера
дубликаты государственных регистрационных знаков
изготовление дубликатов номеров
изготовление дубликата гос номера
изготовление номеров дубликатов на машину
изготовить дубликат номера
изготовление дубликатов автомобильных номеров
изготовить дубликат гос номера
изготовление дубликатов утерянных номерных знаков
изготовление автомобильных номеров в москве
изготовление номеров на машину
изготовление номеров на авто
изготовление регистрационных номеров
изготовление гос номеров в москве
изготовление номеров на автомобиль
изготовление утерянных номеров
изготовление дубликатов номерных знаков
изготовление гос номеров
изготовление автомобильных номеров
изготовление гос номера
изготовление номерных знаков
изготовление номеров авто
автономера изготовление
изготовление авто номеров
изготовление автономеров
изготовление государственных регистрационных знаков
восстановление гос номеров
восстановление автомобильных номеров
восстановление номеров автомобиля
номера авто восстановление
восстановление утерянного гос номера
восстановить гос номер
восстановление украденных автомобильных номеров
как восстановить гос номер автомобиля
где восстановить гос номер
как восстановить утерянный гос номер
можно ли восстановить гос номер
сколько стоит восстановить гос номер
где можно восстановить гос номер
восстановление гос номера
восстановление белорусских номеров
изготовление белорусских номеров
дубликат белорусских номеров
восстановление латвийских номеров
изготовление латвийских номеров
дубликат латвийских номеров
восстановление литовских номеров
изготовление литовских номеров
дубликат литовских номеров
восстановление иностранных номеров
изготовление иностранных номеров
дубликаты иностранных номеров
восстановление транзитных номеров
изготовление транзитных номеров
дубликаты транзитных номеров
восстановление казахских номеров
изготовление казахских номеров
дубликаты казахских номеров
восстановление казахстанских номеров
изготовление казахстанских номеров
дубликаты казахстанских номеров
восстановление российских номеров
изготовление российских номеров
дубликаты российских номеров
восстановление номера на мотоцикл
изготовление номера на мотоцикл
дубликат номера на мотоцикл
восстановление номера на трактор
изготовление номера на трактор
дубликаты номера на трактор
0 6 4 5 6 4 5 5 4 4 5 5 4 5 6 2 4 4 2 5 5 4 5 4 5 5 6 5 4 3 6 4 4 5 3 6 6 3 2 3 3 3 4 4 5 3 3 3 3 2 0 2 0 2 4 2 3 1 0 1 0 0 0 0 0 0 0 4 1 1 1 0 0 1 0 0 1 4 2 4 3 1 2 0 2 4 0 0 1 2 3 4 1 0 1 0 0 0 
6 0 4 5 4 2 2 2 3 5 4 3 2 3 4 4 4 4 2 5 5 3 2 3 5 4 7 5 2 4 5 3 3 5 4 5 4 4 3 2 3 1 3 3 6 1 1 2 3 3 2 3 2 3 2 3 3 2 0 1 0 0 0 0 0 0 0 3 1 1 1 0 0 2 0 0 0 2 2 3 3 1 2 0 1 3 0 0 1 2 3 2 1 2 1 0 0 0 
4 4 0 3 3 4 3 3 5 7 4 4 3 4 5 3 3 3 2 3 5 5 3 3 6 3 2 6 3 2 5 3 6 4 3 4 3 2 2 4 2 4 3 3 5 3 2 4 3 5 1 2 0 2 2 1 2 1 1 0 0 0 0 0 0 0 0 3 0 1 1 0 0 2 0 0 1 2 0 1 1 0 1 0 1 3 0 0 1 1 2 3 1 1 1 0 0 0 
5 5 3 0 3 3 3 4 4 6 4 5 5 3 3 5 2 3 2 3 3 3 3 3 5 7 6 4 3 3 5 2 4 3 6 3 3 2 2 2 1 2 3 3 4 3 3 2 2 3 1 3 1 2 1 2 2 0 0 0 0 0 0 0 0 0 0 2 0 0 0 0 1 3 0 0 0 1 2 3 1 0 1 0 1 5 0 0 1 1 3 2 1 2 2 0 0 0 
6 4 3 3 0 3 4 4 3 3 5 2 5 3 4 4 3 2 1 5 4 5 6 5 5 3 3 3 2 2 3 4 3 3 1 4 3 1 3 3 2 2 5 2 3 2 3 2 3 2 0 1 0 2 4 2 2 1 0 0 0 0 0 0 0 0 0 3 0 0 0 0 0 0 0 0 0 2 2 3 1 0 0 0 0 3 0 0 0 1 1 3 2 2 4 0 0 0 
4 2 4 3 3 0 8 6 6 5 5 4 3 4 5 2 3 2 1 2 3 3 3 3 5 4 1 3 3 1 5 3 5 4 4 5 2 0 2 2 0 2 2 2 4 2 2 3 1 3 0 0 0 1 3 1 2 0 1 0 0 0 0 0 0 0 0 3 0 1 1 0 0 0 0 0 1 3 1 1 0 0 1 0 1 2 0 0 0 1 2 4 1 1 2 0 0 0 
5 2 3 3 4 8 0 6 6 4 4 3 4 5 4 2 2 2 1 2 3 4 4 2 4 4 1 2 3 1 5 3 4 4 3 6 3 1 1 1 1 2 2 2 3 1 1 2 1 2 0 0 0 1 4 1 2 0 0 0 0 0 0 0 0 0 0 3 0 1 1 0 0 0 0 0 1 3 1 2 0 0 1 0 1 3 0 0 0 1 2 4 1 1 2 0 0 0 
5 2 3 4 4 6 6 0 7 4 4 4 4 4 4 2 2 2 1 3 3 3 4 3 4 5 2 2 3 1 4 2 4 4 2 4 2 0 1 2 0 2 3 1 3 2 2 2 3 2 0 1 0 1 2 1 1 0 0 0 0 0 0 0 0 0 0 2 1 0 1 0 0 0 0 0 1 3 1 1 0 0 0 0 1 2 0 0 0 1 2 4 1 1 2 0 0 1 
4 3 5 4 3 6 6 7 0 6 4 3 4 4 4 3 3 2 1 3 3 5 3 2 6 5 1 3 3 1 5 3 5 4 3 4 3 0 1 1 0 3 2 2 4 1 1 3 1 3 0 0 0 1 2 1 1 0 1 0 0 0 0 0 0 0 0 2 0 0 0 0 0 1 0 0 1 3 1 2 0 0 0 0 1 3 0 0 0 1 3 4 1 1 2 0 0 0 
4 5 7 6 3 5 4 4 6 0 6 4 4 4 5 4 2 2 2 2 3 5 3 1 8 4 3 4 3 2 6 4 7 4 6 4 2 3 2 4 2 3 3 3 4 4 3 5 2 6 2 3 1 2 2 2 2 0 1 0 0 0 0 0 0 0 0 3 0 1 1 0 0 2 0 0 0 2 1 2 1 0 1 0 0 4 0 0 1 1 2 3 1 2 2 0 0 0 
5 4 4 4 5 5 4 4 4 6 0 4 3 4 6 3 3 2 2 3 4 3 4 2 8 3 3 4 4 2 5 3 6 4 3 4 3 1 3 4 1 2 4 3 3 3 2 5 2 5 0 1 0 2 2 1 2 0 1 0 0 0 0 0 0 0 0 3 0 0 0 0 0 1 0 0 1 2 1 2 2 0 1 0 0 3 0 0 1 1 1 4 1 2 4 0 0 0 
5 3 4 5 2 4 3 4 3 4 4 0 3 4 4 1 4 4 2 4 4 1 2 4 4 5 4 5 3 3 4 2 4 4 3 4 4 1 2 3 2 2 3 4 4 4 2 2 3 3 0 2 0 2 0 0 1 0 1 0 0 0 0 0 0 0 0 1 0 0 0 0 0 1 0 0 1 1 0 0 1 0 1 0 1 2 0 0 1 1 2 2 0 1 1 0 0 0 
4 2 3 5 5 3 4 4 4 4 3 3 0 3 2 4 1 1 1 3 2 5 5 3 4 5 2 3 2 2 3 3 3 2 3 3 2 1 1 1 2 2 2 2 2 3 2 2 1 2 0 1 0 1 3 3 2 1 0 0 0 0 0 0 0 0 0 2 0 0 0 0 0 1 0 0 0 1 1 3 0 1 0 0 0 4 0 0 0 1 1 2 2 2 3 0 0 0 
5 3 4 3 3 4 5 4 4 4 4 4 3 0 4 1 2 5 2 2 4 3 3 2 4 3 2 3 3 2 4 3 4 5 2 6 4 2 2 2 2 2 3 3 4 1 1 2 2 3 0 1 0 2 2 0 1 0 0 0 0 0 0 0 0 0 0 2 0 0 0 0 0 1 0 0 1 2 0 1 1 0 1 0 1 3 0 0 1 1 2 3 0 1 1 0 0 0 
6 4 5 3 4 5 4 4 4 5 6 4 2 4 0 3 4 3 2 3 4 3 3 2 6 3 3 5 5 2 5 3 6 5 2 4 4 1 2 3 1 4 3 3 4 3 2 4 2 4 0 1 0 2 2 1 2 0 1 0 0 0 1 0 0 0 0 3 0 0 0 0 0 1 0 0 1 3 1 2 2 0 1 0 1 3 0 0 1 1 2 4 1 0 1 0 0 0 
2 4 3 5 4 2 2 2 3 4 3 1 4 1 3 0 1 1 1 3 4 4 3 3 4 5 4 3 3 1 2 1 3 2 3 1 1 2 2 1 0 2 2 1 2 1 1 1 2 2 2 2 2 1 2 4 3 2 1 0 0 0 1 0 0 1 0 2 0 0 0 0 1 2 0 0 0 1 2 3 0 0 0 0 1 4 0 0 0 1 3 2 3 4 3 0 0 0 
4 4 3 2 3 3 2 2 3 2 3 4 1 2 4 1 0 4 3 4 3 2 1 5 3 3 3 5 2 4 3 2 2 3 1 3 6 0 2 1 1 2 1 4 5 1 0 2 2 1 0 0 0 3 0 1 0 0 2 0 0 0 0 0 0 0 0 0 1 1 1 0 0 0 0 0 1 1 1 1 1 0 0 0 1 1 0 0 0 1 3 2 0 0 1 0 0 0 
4 4 3 3 2 2 2 2 2 2 2 4 1 5 3 1 4 0 2 3 4 1 1 4 2 3 3 4 3 4 3 2 2 4 2 4 4 1 3 1 2 2 2 3 5 1 1 1 3 1 0 1 0 4 0 0 1 0 0 0 0 0 0 0 0 0 0 1 0 0 0 0 0 1 0 0 1 1 1 0 1 0 1 0 1 2 0 0 1 1 2 2 0 0 1 0 0 0 
2 2 2 2 1 1 1 1 1 2 2 2 1 2 2 1 3 2 0 1 2 1 1 2 2 1 2 2 2 3 1 1 1 2 1 2 3 1 2 1 1 1 2 3 3 1 1 1 1 1 0 1 0 3 0 1 1 0 0 0 2 1 0 0 0 0 0 1 1 1 1 0 0 1 0 0 0 0 0 0 1 0 1 0 0 2 0 0 1 1 1 1 0 0 0 0 0 0 
5 5 3 3 5 2 2 3 3 2 3 4 3 2 3 3 4 3 1 0 3 2 2 5 4 4 4 4 2 2 3 1 3 4 1 4 3 1 3 2 2 1 3 1 4 1 1 0 4 2 0 1 0 2 1 1 1 1 0 1 0 0 0 0 0 0 0 1 1 1 1 0 0 1 0 0 1 2 2 3 2 1 1 0 2 2 0 0 0 2 3 2 0 1 2 0 0 0 
5 5 5 3 4 3 3 3 3 3 4 4 2 4 4 4 3 4 2 3 0 3 3 5 4 4 4 5 3 3 4 2 4 4 2 4 4 2 3 3 1 3 4 3 5 1 1 2 4 3 1 2 1 2 2 2 3 2 0 0 0 0 0 0 0 0 0 3 0 0 0 0 0 1 0 0 1 2 0 0 1 0 1 0 1 2 0 0 1 1 2 3 2 3 2 0 0 0 
4 3 5 3 5 3 4 3 5 5 3 1 5 3 3 4 2 1 1 2 3 0 7 2 4 3 1 3 2 1 4 5 4 2 3 3 3 2 1 2 2 4 2 3 3 2 2 4 1 3 1 1 0 1 4 2 2 1 1 0 0 0 0 0 0 0 0 3 0 1 1 0 0 1 0 0 0 2 1 3 0 0 0 0 0 4 0 0 0 1 2 3 2 1 2 0 0 0 
5 2 3 3 6 3 4 4 3 3 4 2 5 3 3 3 1 1 1 2 3 7 0 3 3 3 2 2 3 1 2 3 2 2 1 3 2 1 1 2 1 2 3 2 2 2 2 3 1 1 0 1 0 1 4 2 2 1 0 0 0 0 0 0 0 0 0 3 0 0 0 0 0 0 0 0 1 2 1 2 0 0 0 0 0 3 0 0 0 1 1 4 2 1 3 0 0 0 
4 3 3 3 5 3 2 3 2 1 2 4 3 2 2 3 5 4 2 5 5 2 3 0 2 4 3 4 2 4 2 2 2 3 2 3 4 0 4 2 1 2 3 2 5 1 2 0 4 1 0 1 0 3 1 2 1 1 0 0 0 0 0 0 0 0 0 1 0 0 0 0 0 0 0 0 1 1 1 0 0 0 0 0 1 1 0 0 0 1 2 2 1 2 3 0 0 0 
5 5 6 5 5 5 4 4 6 8 8 4 4 4 6 4 3 2 2 4 4 4 3 2 0 4 3 5 3 2 6 3 7 4 4 4 3 1 3 4 1 2 4 3 4 3 2 4 2 6 0 1 0 2 2 1 2 0 1 0 0 0 0 0 0 0 0 3 0 0 0 0 0 2 0 0 0 2 1 3 2 0 1 0 0 4 0 0 1 1 1 3 1 2 3 0 0 0 
5 4 3 7 3 4 4 5 5 4 3 5 5 3 3 5 3 3 1 4 4 3 3 4 4 0 6 4 3 2 5 1 4 3 4 3 3 1 1 1 0 2 2 2 4 2 2 1 3 2 1 2 1 1 1 2 2 1 0 0 0 0 0 0 0 0 0 1 0 0 0 0 1 2 0 0 1 2 2 3 0 0 0 0 2 4 0 0 0 1 3 3 2 2 2 0 1 1 
6 7 2 6 3 1 1 2 1 3 3 4 2 2 3 4 3 3 2 4 4 1 2 3 3 6 0 4 2 3 3 1 1 3 3 3 4 4 2 2 2 1 3 3 3 2 2 1 3 1 2 4 2 2 1 3 3 2 0 1 0 0 0 0 0 0 0 2 1 1 1 0 1 2 0 0 0 1 2 3 3 1 2 0 2 3 0 0 1 2 4 1 1 2 0 0 1 1 
5 5 6 4 3 3 2 2 3 4 4 5 3 3 5 3 5 4 2 4 5 3 2 4 5 4 4 0 3 3 5 1 4 3 3 3 6 1 2 2 1 3 2 4 5 2 1 2 2 3 0 1 0 2 1 1 2 1 1 0 0 0 0 0 0 0 0 2 0 0 0 0 0 2 0 0 1 1 0 2 2 0 1 0 1 3 0 0 1 1 2 2 1 1 1 0 0 0 
4 2 3 3 2 3 3 3 3 3 4 3 2 3 5 3 2 3 2 2 3 2 3 2 3 3 2 3 0 2 3 2 3 5 2 4 3 1 2 1 1 3 2 2 3 2 2 3 2 1 0 1 0 2 1 1 2 0 0 0 0 0 1 0 0 0 0 2 0 0 0 0 0 2 0 0 3 2 1 1 1 0 1 0 1 3 0 0 1 1 2 5 1 0 2 0 0 0 
3 4 2 3 2 1 1 1 1 2 2 3 2 2 2 1 4 4 3 2 3 1 1 4 2 2 3 3 2 0 2 2 1 3 2 3 4 1 3 1 2 1 2 3 4 1 1 1 2 1 0 1 0 6 0 1 1 0 0 0 0 0 0 0 0 0 0 1 0 0 0 0 0 1 0 0 0 0 1 0 1 0 1 0 0 2 0 0 1 1 1 1 0 0 1 0 1 1 
6 5 5 5 3 5 5 4 5 6 5 4 3 4 5 2 3 3 1 3 4 4 2 2 6 5 3 5 3 2 0 4 7 4 6 4 4 2 1 3 2 4 2 2 5 3 3 4 3 5 1 2 0 1 3 1 3 0 0 0 0 0 0 0 0 0 0 4 0 1 1 0 0 2 0 0 1 3 1 3 2 0 1 0 1 3 0 0 1 0 1 3 1 1 2 0 0 0 
4 3 3 2 4 3 3 2 3 4 3 2 3 3 3 1 2 2 1 1 2 5 3 2 3 1 1 1 2 2 4 0 4 3 4 4 3 3 3 3 6 4 2 3 4 5 4 6 3 3 1 2 0 2 3 2 2 0 1 0 0 0 0 0 0 0 0 3 0 1 1 0 0 1 0 0 0 2 2 2 1 1 1 0 0 3 0 0 1 0 1 2 1 0 2 0 0 0 
4 3 6 4 3 5 4 4 5 7 6 4 3 4 6 3 2 2 1 3 4 4 2 2 7 4 1 4 3 1 7 4 0 4 5 4 2 2 2 5 2 5 3 2 4 4 3 5 4 8 1 2 0 1 2 1 2 0 1 0 0 0 0 0 0 0 0 3 0 1 1 0 0 2 0 0 1 3 1 2 1 0 1 0 1 3 0 0 1 0 1 3 1 2 3 0 0 0 
5 5 4 3 3 4 4 4 4 4 4 4 2 5 5 2 3 4 2 4 4 2 2 3 4 3 3 3 5 3 4 3 4 0 2 8 3 2 3 2 3 2 3 2 5 1 1 2 3 3 0 2 0 3 2 1 2 1 0 1 0 0 1 0 0 0 0 3 1 1 1 0 0 1 0 0 1 3 2 1 2 1 2 0 2 2 0 0 1 2 3 3 0 1 2 0 0 0 
3 4 3 6 1 4 3 2 3 6 3 3 3 2 2 3 1 2 1 1 2 3 1 2 4 4 3 3 2 2 6 4 5 2 0 3 2 4 2 2 2 3 1 2 4 3 4 3 2 4 2 3 1 1 1 2 2 0 0 0 0 0 0 0 0 0 0 2 0 2 2 0 0 2 0 0 0 1 1 2 1 0 2 0 0 3 0 0 1 0 1 1 1 2 2 0 0 0 
6 5 4 3 4 5 6 4 4 4 4 4 3 6 4 1 3 4 2 4 4 3 3 3 4 3 3 3 4 3 4 4 4 8 3 0 4 3 3 2 4 2 3 3 5 1 1 2 3 3 0 1 0 3 3 1 2 1 0 1 0 0 0 0 0 0 0 3 1 2 2 0 0 1 0 0 1 3 2 2 2 1 3 0 2 3 0 0 1 2 3 3 0 1 2 0 0 0 
6 4 3 3 3 2 3 2 3 2 3 4 2 4 4 1 6 4 3 3 4 3 2 4 3 3 4 6 3 4 4 3 2 3 2 4 0 2 2 1 2 3 2 5 4 1 1 2 2 1 0 1 0 3 1 1 1 0 1 0 0 0 0 0 0 0 0 1 0 0 0 0 0 1 0 0 1 1 0 2 2 0 1 0 1 3 0 0 1 1 3 2 0 0 0 0 0 0 
3 4 2 2 1 0 1 0 0 3 1 1 1 2 1 2 0 1 1 1 2 2 1 0 1 1 4 1 1 1 2 3 2 2 4 3 2 0 3 4 4 3 4 2 1 3 4 2 4 3 5 5 5 1 2 3 3 2 0 1 0 0 0 0 0 0 0 2 1 3 2 0 1 1 0 1 0 1 2 2 2 1 2 0 2 2 0 0 1 1 3 0 1 3 0 0 0 0 
2 3 2 2 3 2 1 1 1 2 3 2 1 2 2 2 2 3 2 3 3 1 1 4 3 1 2 2 2 3 1 3 2 3 2 3 2 3 0 3 2 2 5 2 4 2 4 1 4 3 2 3 2 3 0 0 1 0 0 0 0 0 0 0 0 0 0 1 0 1 0 0 1 1 0 1 0 0 2 0 1 0 1 0 1 2 0 0 1 1 2 1 0 2 2 0 0 0 
3 2 4 2 3 2 1 2 1 4 4 3 1 2 3 1 1 1 1 2 3 2 2 2 4 1 2 2 1 1 3 3 5 2 2 2 1 4 3 0 2 3 7 2 2 6 4 5 6 5 2 4 2 1 1 0 1 0 1 0 0 0 0 0 0 0 0 2 0 2 1 0 1 1 0 1 0 1 1 0 1 0 1 0 1 1 0 0 1 0 1 1 0 2 1 0 0 0 
3 3 2 1 2 0 1 0 0 2 1 2 2 2 1 0 1 2 1 2 1 2 1 1 1 0 2 1 1 2 2 6 2 3 2 4 2 4 2 2 0 2 1 2 2 4 2 3 3 2 2 3 1 3 2 2 2 1 0 1 0 0 0 0 0 0 0 2 1 2 2 0 0 1 0 0 0 1 2 2 2 3 2 0 2 2 0 0 1 1 1 0 0 0 1 0 0 0 
3 1 4 2 2 2 2 2 3 3 2 2 2 2 4 2 2 2 1 1 3 4 2 2 2 2 1 3 3 1 4 4 5 2 3 2 3 3 2 3 2 0 2 2 2 4 4 4 4 3 2 3 1 1 2 2 3 1 1 0 0 0 0 0 0 0 0 3 0 2 1 0 1 1 0 2 2 3 3 1 1 0 1 0 2 2 0 0 1 0 3 2 2 2 2 0 0 0 
4 3 3 3 5 2 2 3 2 3 4 3 2 3 3 2 1 2 2 3 4 2 3 3 4 2 3 2 2 2 2 2 3 3 1 3 2 4 5 7 1 2 0 2 3 4 5 3 5 4 2 3 3 2 1 0 1 0 0 0 0 0 0 0 0 0 0 2 0 1 0 0 1 1 0 1 0 1 1 0 1 0 1 0 1 2 0 0 1 1 2 2 0 2 1 0 0 0 
4 3 3 3 2 2 2 1 2 3 3 4 2 3 3 1 4 3 3 1 3 3 2 2 3 2 3 4 2 3 2 3 2 2 2 3 5 2 2 2 2 2 2 0 3 2 1 3 1 2 0 1 0 2 1 0 1 0 2 0 1 1 1 1 0 0 1 1 0 0 0 0 0 1 0 0 0 0 0 1 1 0 1 0 0 3 0 1 1 2 2 1 0 1 0 0 1 1 
5 6 5 4 3 4 3 3 4 4 3 4 2 4 4 2 5 5 3 4 5 3 2 5 4 4 3 5 3 4 5 4 4 5 4 5 4 1 4 2 2 2 3 3 0 1 2 2 3 3 0 1 0 3 1 0 1 0 0 0 0 0 0 0 0 0 0 2 1 1 1 0 0 2 0 0 1 2 1 1 1 0 1 0 1 3 0 0 1 1 2 3 0 0 1 0 0 0 
3 1 3 3 2 2 1 2 1 4 3 4 3 1 3 1 1 1 1 1 1 2 2 1 3 2 2 2 2 1 3 5 4 1 3 1 1 3 2 6 4 4 4 2 1 0 5 7 5 3 2 4 1 1 1 2 2 0 1 0 0 0 0 0 0 0 0 2 0 2 1 0 1 1 0 1 0 1 2 1 1 1 1 0 1 2 0 0 1 0 1 1 1 1 1 0 0 0 
3 1 2 3 3 2 1 2 1 3 2 2 2 1 2 1 0 1 1 1 1 2 2 2 2 2 2 1 2 1 3 4 3 1 4 1 1 4 4 4 2 4 5 1 2 5 0 3 4 3 5 5 4 1 1 1 2 0 0 0 0 0 0 0 0 0 0 2 0 2 1 0 1 1 0 1 0 1 2 1 1 0 1 0 1 2 0 0 1 0 1 1 1 1 1 0 0 0 
3 2 4 2 2 3 2 2 3 5 5 2 2 2 4 1 2 1 1 0 2 4 3 0 4 1 1 2 3 1 4 6 5 2 3 2 2 2 1 5 3 4 3 3 2 7 3 0 3 4 1 2 0 1 2 2 2 0 2 0 0 0 0 0 0 0 0 3 0 1 1 0 0 1 0 0 1 2 1 1 1 1 1 0 0 2 0 0 1 0 1 3 1 0 2 0 0 0 
3 3 3 2 3 1 1 3 1 2 2 3 1 2 2 2 2 3 1 4 4 1 1 4 2 3 3 2 2 2 3 3 4 3 2 3 2 4 4 6 3 4 5 1 3 5 4 3 0 3 3 5 2 2 0 1 2 1 0 0 0 0 0 0 0 0 0 1 1 2 2 0 1 1 0 1 1 1 2 0 1 0 1 0 2 1 0 0 1 0 2 1 1 3 2 0 0 0 
2 3 5 3 2 3 2 2 3 6 5 3 2 3 4 2 1 1 1 2 3 3 1 1 6 2 1 3 1 1 5 3 8 3 4 3 1 3 3 5 2 3 4 2 3 3 3 4 3 0 2 2 1 1 1 0 1 0 1 0 0 0 0 0 0 0 0 2 0 1 1 0 0 2 0 0 0 1 0 1 1 0 1 0 0 2 0 0 1 0 0 1 0 2 2 0 0 0 
0 2 1 1 0 0 0 0 0 2 0 0 0 0 0 2 0 0 0 0 1 1 0 0 0 1 2 0 0 0 1 1 1 0 2 0 0 5 2 2 2 2 2 0 0 2 5 1 3 2 0 6 8 0 0 2 1 1 0 0 0 0 0 0 0 0 0 0 0 2 1 0 1 0 0 1 0 0 1 0 0 0 0 0 1 0 0 0 0 0 2 0 1 3 0 0 0 0 
2 3 2 3 1 0 0 1 0 3 1 2 1 1 1 2 0 1 1 1 2 1 1 1 1 2 4 1 1 1 2 2 2 2 3 1 1 5 3 4 3 3 3 1 1 4 5 2 5 2 6 0 5 1 0 2 2 1 0 0 0 0 0 0 0 0 0 1 0 2 1 0 1 1 0 1 0 0 1 0 1 0 1 0 1 1 0 0 1 0 2 0 1 3 0 0 0 0 
0 2 0 1 0 0 0 0 0 1 0 0 0 0 0 2 0 0 0 0 1 0 0 0 0 1 2 0 0 0 0 0 0 0 1 0 0 5 2 2 1 1 3 0 0 1 4 0 2 1 8 5 0 0 0 2 1 1 0 0 0 0 0 0 0 0 0 0 0 1 0 0 1 0 0 1 0 0 1 0 0 0 0 0 1 0 0 0 0 0 2 0 1 3 0 0 0 0 
2 3 2 2 2 1 1 1 1 2 2 2 1 2 2 1 3 4 3 2 2 1 1 3 2 1 2 2 2 6 1 2 1 3 1 3 3 1 3 1 3 1 2 2 3 1 1 1 2 1 0 1 0 0 0 1 1 0 0 0 0 0 0 0 0 0 0 1 0 0 0 0 0 1 0 0 0 0 1 0 1 1 1 0 1 2 0 0 1 1 1 1 0 0 1 0 1 1 
4 2 2 1 4 3 4 2 2 2 2 0 3 2 2 2 0 0 0 1 2 4 4 1 2 1 1 1 1 0 3 3 2 2 1 3 1 2 0 1 2 2 1 1 1 1 1 2 0 1 0 0 0 0 0 6 7 5 3 2 1 1 1 1 0 1 1 9 1 1 1 0 0 0 0 0 0 4 2 3 1 1 1 1 1 2 0 0 0 2 1 2 2 1 2 0 0 0 
2 3 1 2 2 1 1 1 1 2 1 0 3 0 1 4 1 0 1 1 2 2 2 2 1 2 3 1 1 1 1 2 1 1 2 1 1 3 0 0 2 2 0 0 0 2 1 2 1 0 2 2 2 1 6 0 7 6 3 2 1 1 1 1 0 1 1 6 1 1 1 0 0 0 0 0 0 3 2 2 1 2 1 1 1 1 0 0 0 2 2 1 3 3 2 0 0 0 
3 3 2 2 2 2 2 1 1 2 2 1 2 1 2 3 0 1 1 1 3 2 2 1 2 2 3 2 2 1 3 2 2 2 2 2 1 3 1 1 2 3 1 1 1 2 2 2 2 1 1 2 1 1 7 7 0 6 3 2 1 1 1 1 0 1 1 8 1 1 1 0 0 1 0 0 0 3 2 2 2 1 2 1 1 2 0 0 1 2 1 1 3 2 2 0 0 0 
1 2 1 0 1 0 0 0 0 0 0 0 1 0 0 2 0 0 0 1 2 1 1 1 0 1 2 1 0 0 0 0 0 1 0 1 0 2 0 0 1 1 0 0 0 0 0 0 1 0 1 1 1 0 5 6 6 0 4 3 1 2 1 2 0 1 1 5 1 1 1 0 0 0 0 0 0 2 1 1 1 1 1 1 1 0 0 0 0 2 1 0 2 2 1 0 0 0 
0 0 1 0 0 1 0 0 1 1 1 1 0 0 1 1 2 0 0 0 0 1 0 0 1 0 0 1 0 0 0 1 1 0 0 0 1 0 0 1 0 1 0 2 0 1 0 2 0 1 0 0 0 0 3 3 3 4 0 2 1 3 2 4 1 3 2 3 0 0 0 0 0 0 0 0 0 1 0 0 0 0 0 1 0 0 0 0 0 1 1 0 0 0 0 0 0 0 
1 1 0 0 0 0 0 0 0 0 0 0 0 0 0 0 0 0 0 1 0 0 0 0 0 0 1 0 0 0 0 0 0 1 0 1 0 1 0 0 1 0 0 0 0 0 0 0 0 0 0 0 0 0 2 2 2 3 2 0 1 4 5 3 2 4 5 2 2 1 1 0 0 0 0 0 0 1 1 1 1 1 1 0 1 0 0 0 0 2 1 0 0 0 0 0 0 0 
0 0 0 0 0 0 0 0 0 0 0 0 0 0 0 0 0 0 2 0 0 0 0 0 0 0 0 0 0 0 0 0 0 0 0 0 0 0 0 0 0 0 0 1 0 0 0 0 0 0 0 0 0 0 1 1 1 1 1 1 0 2 1 1 0 1 1 1 0 0 0 0 0 0 0 0 0 0 0 0 1 0 0 0 0 0 0 0 0 0 0 0 0 0 0 0 0 0 
0 0 0 0 0 0 0 0 0 0 0 0 0 0 0 0 0 0 1 0 0 0 0 0 0 0 0 0 0 0 0 0 0 0 0 0 0 0 0 0 0 0 0 1 0 0 0 0 0 0 0 0 0 0 1 1 1 2 3 4 2 0 5 5 3 4 6 1 0 0 0 0 0 0 0 0 0 0 0 0 0 0 0 0 0 0 0 0 0 0 0 0 0 0 0 0 0 0 
0 0 0 0 0 0 0 0 0 0 0 0 0 0 1 1 0 0 0 0 0 0 0 0 0 0 0 0 1 0 0 0 0 1 0 0 0 0 0 0 0 0 0 1 0 0 0 0 0 0 0 0 0 0 1 1 1 1 2 5 1 5 0 4 2 4 8 1 1 0 0 0 0 0 0 0 0 0 0 0 0 0 0 0 0 0 0 1 0 2 0 0 0 0 0 0 0 0 
0 0 0 0 0 0 0 0 0 0 0 0 0 0 0 0 0 0 0 0 0 0 0 0 0 0 0 0 0 0 0 0 0 0 0 0 0 0 0 0 0 0 0 1 0 0 0 0 0 0 0 0 0 0 1 1 1 2 4 3 1 5 4 0 2 2 4 1 0 0 0 0 0 0 0 0 0 0 0 0 0 0 0 0 0 0 0 1 0 1 0 0 0 0 0 0 0 0 
0 0 0 0 0 0 0 0 0 0 0 0 0 0 0 0 0 0 0 0 0 0 0 0 0 0 0 0 0 0 0 0 0 0 0 0 0 0 0 0 0 0 0 0 0 0 0 0 0 0 0 0 0 0 0 0 0 0 1 2 0 3 2 2 0 2 3 0 0 0 0 0 0 0 0 0 0 0 0 0 0 0 0 0 0 0 0 0 0 0 0 0 0 0 0 0 0 0 
0 0 0 0 0 0 0 0 0 0 0 0 0 0 0 1 0 0 0 0 0 0 0 0 0 0 0 0 0 0 0 0 0 0 0 0 0 0 0 0 0 0 0 0 0 0 0 0 0 0 0 0 0 0 1 1 1 1 3 4 1 4 4 2 2 0 5 1 0 0 0 0 0 0 0 0 0 0 0 0 0 0 0 0 0 0 0 0 0 0 0 0 0 0 0 0 0 0 
0 0 0 0 0 0 0 0 0 0 0 0 0 0 0 0 0 0 0 0 0 0 0 0 0 0 0 0 0 0 0 0 0 0 0 0 0 0 0 0 0 0 0 1 0 0 0 0 0 0 0 0 0 0 1 1 1 1 2 5 1 6 8 4 3 5 0 1 1 0 0 0 0 0 0 0 0 0 0 0 0 0 0 0 0 0 0 1 0 2 0 0 0 0 0 0 0 0 
4 3 3 2 3 3 3 2 2 3 3 1 2 2 3 2 0 1 1 1 3 3 3 1 3 1 2 2 2 1 4 3 3 3 2 3 1 2 1 2 2 3 2 1 2 2 2 3 1 2 0 1 0 1 9 6 8 5 3 2 1 1 1 1 0 1 1 0 1 1 1 0 0 1 0 0 0 4 2 2 2 1 2 1 1 2 0 0 1 2 1 2 2 1 2 0 0 0 
1 1 0 0 0 0 0 1 0 0 0 0 0 0 0 0 1 0 1 1 0 0 0 0 0 0 1 0 0 0 0 0 0 1 0 1 0 1 0 0 1 0 0 0 1 0 0 0 1 0 0 0 0 0 1 1 1 1 0 2 0 0 1 0 0 0 1 1 0 3 4 0 1 1 1 1 1 1 2 2 1 1 1 0 2 0 0 1 1 2 1 0 0 0 0 0 0 0 
1 1 1 0 0 1 1 0 0 1 0 0 0 0 0 0 1 0 1 1 0 1 0 0 0 0 1 0 0 0 1 1 1 1 2 2 0 3 1 2 2 2 1 0 1 2 2 1 2 1 2 2 1 0 1 1 1 1 0 1 0 0 0 0 0 0 0 1 3 0 6 0 2 0 0 1 0 2 3 1 1 1 2 0 3 0 0 0 0 1 2 0 0 1 0 0 0 0 
1 1 1 0 0 1 1 1 0 1 0 0 0 0 0 0 1 0 1 1 0 1 0 0 0 0 1 0 0 0 1 1 1 1 2 2 0 2 0 1 2 1 0 0 1 1 1 1 2 1 1 1 0 0 1 1 1 1 0 1 0 0 0 0 0 0 0 1 4 6 0 0 0 0 0 0 1 1 1 1 1 1 2 0 2 0 0 0 0 1 1 0 0 0 0 0 0 0 
0 0 0 0 0 0 0 0 0 0 0 0 0 0 0 0 0 0 0 0 0 0 0 0 0 0 0 0 0 0 0 0 0 0 0 0 0 0 0 0 0 0 0 0 0 0 0 0 0 0 0 0 0 0 0 0 0 0 0 0 0 0 0 0 0 0 0 0 0 0 0 0 3 1 0 0 1 0 0 0 0 0 0 0 0 0 0 0 0 0 0 0 0 0 0 0 0 0 
0 0 0 1 0 0 0 0 0 0 0 0 0 0 0 1 0 0 0 0 0 0 0 0 0 1 1 0 0 0 0 0 0 0 0 0 0 1 1 1 0 1 1 0 0 1 1 0 1 0 1 1 1 0 0 0 0 0 0 0 0 0 0 0 0 0 0 0 1 2 0 3 0 3 1 2 2 1 4 2 0 0 0 0 2 1 0 1 1 0 2 0 0 1 0 0 0 0 
1 2 2 3 0 0 0 0 1 2 1 1 1 1 1 2 0 1 1 1 1 1 0 0 2 2 2 2 2 1 2 1 2 1 2 1 1 1 1 1 1 1 1 1 2 1 1 1 1 2 0 1 0 1 0 0 1 0 0 0 0 0 0 0 0 0 0 1 1 0 0 1 3 0 1 1 3 0 2 3 1 0 1 0 1 3 0 1 2 0 1 0 0 0 0 0 0 0 
0 0 0 0 0 0 0 0 0 0 0 0 0 0 0 0 0 0 0 0 0 0 0 0 0 0 0 0 0 0 0 0 0 0 0 0 0 0 0 0 0 0 0 0 0 0 0 0 0 0 0 0 0 0 0 0 0 0 0 0 0 0 0 0 0 0 0 0 1 0 0 0 1 1 0 2 2 0 1 1 0 0 0 0 0 0 0 1 1 0 0 0 0 0 0 0 0 0 
0 0 0 0 0 0 0 0 0 0 0 0 0 0 0 0 0 0 0 0 0 0 0 0 0 0 0 0 0 0 0 0 0 0 0 0 0 1 1 1 0 2 1 0 0 1 1 0 1 0 1 1 1 0 0 0 0 0 0 0 0 0 0 0 0 0 0 0 1 1 0 0 2 1 2 0 3 2 4 2 0 0 0 0 1 0 0 1 1 0 1 0 0 1 0 0 0 0 
1 0 1 0 0 1 1 1 1 0 1 1 0 1 1 0 1 1 0 1 1 0 1 1 0 1 0 1 3 0 1 0 1 1 0 1 1 0 0 0 0 2 0 0 1 0 0 1 1 0 0 0 0 0 0 0 0 0 0 0 0 0 0 0 0 0 0 0 1 0 1 1 2 3 2 3 0 2 2 1 0 0 0 0 1 1 0 1 2 0 1 2 1 1 2 1 1 1 
4 2 2 1 2 3 3 3 3 2 2 1 1 2 3 1 1 1 0 2 2 2 2 1 2 2 1 1 2 0 3 2 3 3 1 3 1 1 0 1 1 3 1 0 2 1 1 2 1 1 0 0 0 0 4 3 3 2 1 1 0 0 0 0 0 0 0 4 1 2 1 0 1 0 0 2 2 0 6 4 1 1 1 0 2 1 0 0 0 1 2 3 1 0 1 0 0 0 
2 2 0 2 2 1 1 1 1 1 1 0 1 0 1 2 1 1 0 2 0 1 1 1 1 2 2 0 1 1 1 2 1 2 1 2 0 2 2 1 2 3 1 0 1 2 2 1 2 0 1 1 1 1 2 2 2 1 0 1 0 0 0 0 0 0 0 2 2 3 1 0 4 2 1 4 2 6 0 6 1 1 1 0 3 2 0 1 1 1 3 1 1 1 2 0 0 0 
4 3 1 3 3 1 2 1 2 2 2 0 3 1 2 3 1 0 0 3 0 3 2 0 3 3 3 2 1 0 3 2 2 1 2 2 2 2 0 0 2 1 0 1 1 1 1 1 0 1 0 0 0 0 3 2 2 1 0 1 0 0 0 0 0 0 0 2 2 1 1 0 2 3 1 2 1 4 6 0 2 1 1 0 2 4 0 1 2 1 2 1 1 0 1 0 0 0 
3 3 1 1 1 0 0 0 0 1 2 1 0 1 2 0 1 1 1 2 1 0 0 0 2 0 3 2 1 1 2 1 1 2 1 2 2 2 1 1 2 1 1 1 1 1 1 1 1 1 0 1 0 1 1 1 2 1 0 1 1 0 0 0 0 0 0 2 1 1 1 0 0 1 0 0 0 1 1 2 0 2 4 0 1 1 1 0 1 1 1 0 0 0 0 0 0 0 
1 1 0 0 0 0 0 0 0 0 0 0 1 0 0 0 0 0 0 1 0 0 0 0 0 0 1 0 0 0 0 1 0 1 0 1 0 1 0 0 3 0 0 0 0 1 0 1 0 0 0 0 0 1 1 2 1 1 0 1 0 0 0 0 0 0 0 1 1 1 1 0 0 0 0 0 0 1 1 1 2 0 5 0 2 0 0 2 2 1 1 0 0 0 0 0 0 0 
2 2 1 1 0 1 1 0 0 1 1 1 0 1 1 0 0 1 1 1 1 0 0 0 1 0 2 1 1 1 1 1 1 2 2 3 1 2 1 1 2 1 1 1 1 1 1 1 1 1 0 1 0 1 1 1 2 1 0 1 0 0 0 0 0 0 0 2 1 2 2 0 0 1 0 0 0 1 1 1 4 5 0 0 1 1 0 2 2 1 1 0 0 0 0 0 0 0 
0 0 0 0 0 0 0 0 0 0 0 0 0 0 0 0 0 0 0 0 0 0 0 0 0 0 0 0 0 0 0 0 0 0 0 0 0 0 0 0 0 0 0 0 0 0 0 0 0 0 0 0 0 0 1 1 1 1 1 0 0 0 0 0 0 0 0 1 0 0 0 0 0 0 0 0 0 0 0 0 0 0 0 0 1 1 2 2 1 3 0 0 1 0 0 1 0 0 
2 1 1 1 0 1 1 1 1 0 0 1 0 1 1 1 1 1 0 2 1 0 0 1 0 2 2 1 1 0 1 0 1 2 0 2 1 2 1 1 2 2 1 0 1 1 1 0 2 0 1 1 1 1 1 1 1 1 0 1 0 0 0 0 0 0 0 1 2 3 2 0 2 1 0 1 1 2 3 2 1 2 1 1 0 2 1 1 1 1 4 1 0 1 0 0 0 0 
4 3 3 5 3 2 3 2 3 4 3 2 4 3 3 4 1 2 2 2 2 4 3 1 4 4 3 3 3 2 3 3 3 2 3 3 3 2 2 1 2 2 2 3 3 2 2 2 1 2 0 1 0 2 2 1 2 0 0 0 0 0 0 0 0 0 0 2 0 0 0 0 1 3 0 0 1 1 2 4 1 0 1 1 2 0 1 1 3 1 2 2 1 0 1 0 0 0 
0 0 0 0 0 0 0 0 0 0 0 0 0 0 0 0 0 0 0 0 0 0 0 0 0 0 0 0 0 0 0 0 0 0 0 0 0 0 0 0 0 0 0 0 0 0 0 0 0 0 0 0 0 0 0 0 0 0 0 0 0 0 0 0 0 0 0 0 0 0 0 0 0 0 0 0 0 0 0 0 1 0 0 2 1 1 0 2 1 0 0 0 0 0 0 0 0 0 
0 0 0 0 0 0 0 0 0 0 0 0 0 0 0 0 0 0 0 0 0 0 0 0 0 0 0 0 0 0 0 0 0 0 0 0 0 0 0 0 0 0 0 1 0 0 0 0 0 0 0 0 0 0 0 0 0 0 0 0 0 0 1 1 0 0 1 0 1 0 0 0 1 1 1 1 1 0 1 1 0 2 2 2 1 1 2 0 3 1 0 0 0 0 0 0 0 0 
1 1 1 1 0 0 0 0 0 1 1 1 0 1 1 0 0 1 1 0 1 0 0 0 1 0 1 1 1 1 1 1 1 1 1 1 1 1 1 1 1 1 1 1 1 1 1 1 1 1 0 1 0 1 0 0 1 0 0 0 0 0 0 0 0 0 0 1 1 0 0 0 1 2 1 1 2 0 1 2 1 2 2 1 1 3 1 3 0 0 0 0 0 0 0 0 0 0 
2 2 1 1 1 1 1 1 1 1 1 1 1 1 1 1 1 1 1 2 1 1 1 1 1 1 2 1 1 1 0 0 0 2 0 2 1 1 1 0 1 0 1 2 1 0 0 0 0 0 0 0 0 1 2 2 2 2 1 2 0 0 2 1 0 0 2 2 2 1 1 0 0 0 0 0 0 1 1 1 1 1 1 3 1 1 0 1 0 0 3 2 0 0 0 1 0 0 
3 3 2 3 1 2 2 2 3 2 1 2 1 2 2 3 3 2 1 3 2 2 1 2 1 3 4 2 2 1 1 1 1 3 1 3 3 3 2 1 1 3 2 2 2 1 1 1 2 0 2 2 2 1 1 2 1 1 1 1 0 0 0 0 0 0 0 1 1 2 1 0 2 1 0 1 1 2 3 2 1 1 1 0 4 2 0 0 0 3 0 4 0 2 0 0 0 0 
4 2 3 2 3 4 4 4 4 3 4 2 2 3 4 2 2 2 1 2 3 3 4 2 3 3 1 2 5 1 3 2 3 3 1 3 2 0 1 1 0 2 2 1 3 1 1 3 1 1 0 0 0 1 2 1 1 0 0 0 0 0 0 0 0 0 0 2 0 0 0 0 0 0 0 0 2 3 1 1 0 0 0 0 1 2 0 0 0 2 4 0 1 0 2 0 0 0 
1 1 1 1 2 1 1 1 1 1 1 0 2 0 1 3 0 0 0 0 2 2 2 1 1 2 1 1 1 0 1 1 1 0 1 0 0 1 0 0 0 2 0 0 0 1 1 1 1 0 1 1 1 0 2 3 3 2 0 0 0 0 0 0 0 0 0 2 0 0 0 0 0 0 0 0 1 1 1 1 0 0 0 1 0 1 0 0 0 0 0 1 0 3 3 1 1 1 
0 2 1 2 2 1 1 1 1 2 2 1 2 1 0 4 0 0 0 1 3 1 1 2 2 2 2 1 0 0 1 0 2 1 2 1 0 3 2 2 0 2 2 1 0 1 1 0 3 2 3 3 3 0 1 3 2 2 0 0 0 0 0 0 0 0 0 1 0 1 0 0 1 0 0 1 1 0 1 0 0 0 0 0 1 0 0 0 0 0 2 0 3 0 5 1 2 2 
1 1 1 2 4 2 2 2 2 2 4 1 3 1 1 3 1 1 0 2 2 2 3 3 3 2 0 1 2 1 2 2 3 2 2 2 0 0 2 1 1 2 1 0 1 1 1 2 2 2 0 0 0 1 2 2 2 1 0 0 0 0 0 0 0 0 0 2 0 0 0 0 0 0 0 0 2 1 2 1 0 0 0 0 0 1 0 0 0 0 0 2 3 5 0 1 1 1 
0 0 0 0 0 0 0 0 0 0 0 0 0 0 0 0 0 0 0 0 0 0 0 0 0 0 0 0 0 0 0 0 0 0 0 0 0 0 0 0 0 0 0 0 0 0 0 0 0 0 0 0 0 0 0 0 0 0 0 0 0 0 0 0 0 0 0 0 0 0 0 0 0 0 0 0 1 0 0 0 0 0 0 1 0 0 0 0 0 1 0 0 1 1 1 0 2 2 
0 0 0 0 0 0 0 0 0 0 0 0 0 0 0 0 0 0 0 0 0 0 0 0 0 1 1 0 0 1 0 0 0 0 0 0 0 0 0 0 0 0 0 1 0 0 0 0 0 0 0 0 0 1 0 0 0 0 0 0 0 0 0 0 0 0 0 0 0 0 0 0 0 0 0 0 1 0 0 0 0 0 0 0 0 0 0 0 0 0 0 0 1 2 1 2 0 6 
0 0 0 0 0 0 0 1 0 0 0 0 0 0 0 0 0 0 0 0 0 0 0 0 0 1 1 0 0 1 0 0 0 0 0 0 0 0 0 0 0 0 0 1 0 0 0 0 0 0 0 0 0 1 0 0 0 0 0 0 0 0 0 0 0 0 0 0 0 0 0 0 0 0 0 0 1 0 0 0 0 0 0 0 0 0 0 0 0 0 0 0 1 2 1 2 6 0 
